PS F:\LABS\AE\algev_git> python -u "f:\LABS\AE\algev_git\all_script.py"
Image entropy: 8.888855216133615
Vertex count: 7584
gen     nevals  avg             std             min             max        
0       50      4.56767e+08     1.24102e+07     4.29098e+08     4.84683e+08
1       46      4.47499e+08     7.15636e+06     4.29098e+08     4.59251e+08
2       46      4.40637e+08     4.70766e+06     4.29098e+08     4.48262e+08
3       41      4.35687e+08     4.96647e+06     4.16492e+08     4.41369e+08
4       46      4.32e+08        4.34292e+06     4.16492e+08     4.37863e+08
5       41      4.2952e+08      4.12318e+06     4.16492e+08     4.34016e+08
6       45      4.27139e+08     3.85576e+06     4.16492e+08     4.31163e+08
Image arc.webp processed with exit code 0
Image entropy: 3.964437528331237
Vertex count: 249
gen     nevals  avg             std             min             max        
0       50      4.48394e+08     3.46639e+07     3.76792e+08     5.47358e+08
1       45      4.25397e+08     1.68499e+07     3.76792e+08     4.51022e+08
2       45      4.11887e+08     1.35817e+07     3.76792e+08     4.28056e+08
3       47      4.03022e+08     1.08666e+07     3.76792e+08     4.1805e+08 
Image Bart.jpg processed with exit code 0
Image entropy: 3.7171115467258775
Vertex count: 210
gen     nevals  avg             std             min             max        
0       50      3.082e+08       3.26719e+07     2.38189e+08     3.82762e+08
1       43      2.79778e+08     1.90433e+07     2.36171e+08     3.09252e+08
2       46      2.64275e+08     1.6447e+07      2.12735e+08     2.82614e+08
3       46      2.55044e+08     1.5814e+07      1.99202e+08     2.70787e+08
4       47      2.44425e+08     1.57448e+07     1.99202e+08     2.60244e+08
5       45      2.33553e+08     1.53931e+07     1.99202e+08     2.53088e+08
6       41      2.21725e+08     9.71149e+06     1.99202e+08     2.36171e+08
Image Bart.png processed with exit code 0
Image entropy: 8.92163423726258
Vertex count: 7758
gen     nevals  avg             std             min             max        
0       50      1.11398e+09     1.65899e+07     1.08609e+09     1.15995e+09
1       41      1.10133e+09     8.17268e+06     1.08609e+09     1.11262e+09
2       48      1.09468e+09     7.15687e+06     1.06599e+09     1.1038e+09 
3       48      1.08847e+09     5.82113e+06     1.06599e+09     1.096e+09  
4       45      1.08373e+09     5.64714e+06     1.06599e+09     1.08974e+09
5       45      1.0784e+09      5.10512e+06     1.06561e+09     1.08596e+09
6       45      1.07351e+09     5.55428e+06     1.05705e+09     1.08013e+09
7       46      1.06929e+09     4.75096e+06     1.05687e+09     1.07475e+09
8       48      1.06463e+09     5.19518e+06     1.04519e+09     1.07104e+09
9       48      1.06027e+09     4.86027e+06     1.04519e+09     1.06638e+09
10      43      1.0562e+09      5.68871e+06     1.03789e+09     1.06207e+09
11      44      1.05289e+09     5.46315e+06     1.03789e+09     1.05887e+09
12      45      1.04858e+09     4.79e+06        1.03789e+09     1.05566e+09
13      43      1.04568e+09     3.97104e+06     1.03688e+09     1.0514e+09 
14      48      1.04294e+09     2.66479e+06     1.03688e+09     1.04668e+09
15      43      1.03952e+09     2.29645e+06     1.03206e+09     1.04259e+09
16      47      1.03688e+09     2.89995e+06     1.0285e+09      1.03989e+09
17      45      1.03528e+09     2.80353e+06     1.02736e+09     1.03789e+09
18      47      1.03344e+09     3.09851e+06     1.02336e+09     1.03692e+09
19      46      1.03127e+09     2.65508e+06     1.02336e+09     1.03452e+09
Image cat.jpg processed with exit code 0
Image entropy: 9.174783406022371
Vertex count: 9247
gen     nevals  avg             std             min             max        
0       50      3.84291e+08     1.64056e+07     3.57484e+08     4.23688e+08
1       47      3.65422e+08     1.53138e+07     3.14846e+08     3.80402e+08
2       47      3.46003e+08     1.81757e+07     2.96243e+08     3.67098e+08
3       45      3.31171e+08     1.39825e+07     2.96243e+08     3.51686e+08
4       44      3.18989e+08     7.6896e+06      2.96243e+08     3.30514e+08
5       42      3.10642e+08     7.81494e+06     2.86868e+08     3.19133e+08
6       41      3.03057e+08     5.46827e+06     2.86868e+08     3.11641e+08
7       41      2.96235e+08     4.72892e+06     2.7947e+08      3.01999e+08
8       47      2.92529e+08     4.14856e+06     2.7947e+08      2.96829e+08
9       43      2.88948e+08     3.72785e+06     2.79285e+08     2.93659e+08
10      44      2.85984e+08     2.96847e+06     2.75488e+08     2.89611e+08
11      48      2.83394e+08     2.93838e+06     2.75488e+08     2.86746e+08
12      44      2.80198e+08     3.74435e+06     2.67913e+08     2.85027e+08
13      46      2.77089e+08     3.5359e+06      2.67386e+08     2.81302e+08
14      44      2.74926e+08     2.97562e+06     2.67386e+08     2.78704e+08
15      45      2.72213e+08     2.41051e+06     2.66677e+08     2.7557e+08 
16      46      2.69998e+08     1.70086e+06     2.66677e+08     2.72535e+08
17      42      2.68225e+08     1.51357e+06     2.634e+08       2.70166e+08
18      47      2.66834e+08     1.51951e+06     2.59979e+08     2.6842e+08 
19      48      2.65175e+08     1.43549e+06     2.59979e+08     2.67016e+08
Image contrast_women_landscape.jpeg processed with exit code 0
Image entropy: 8.34979193463088
Vertex count: 5219
gen     nevals  avg             std             min             max        
0       50      7.20237e+08     2.40879e+07     6.59905e+08     7.69382e+08
1       46      7.03331e+08     1.41471e+07     6.59905e+08     7.2434e+08 
2       42      6.90492e+08     1.18707e+07     6.59905e+08     7.05269e+08
3       43      6.79281e+08     9.04231e+06     6.45888e+08     6.90235e+08
4       46      6.71227e+08     9.41411e+06     6.45888e+08     6.81613e+08
5       48      6.63496e+08     8.47697e+06     6.43771e+08     6.73943e+08
6       44      6.54784e+08     7.03441e+06     6.41311e+08     6.64922e+08
7       45      6.49506e+08     5.27114e+06     6.40461e+08     6.57791e+08
8       46      6.45072e+08     3.64326e+06     6.3428e+08      6.49738e+08
9       49      6.4175e+08      4.14371e+06     6.27971e+08     6.46926e+08
10      48      6.39265e+08     4.00688e+06     6.27971e+08     6.43551e+08
11      43      6.35362e+08     4.31494e+06     6.24445e+08     6.41191e+08
12      43      6.32184e+08     3.3696e+06      6.24445e+08     6.37638e+08
13      41      6.29242e+08     3.40086e+06     6.18398e+08     6.33567e+08
14      45      6.26801e+08     3.43628e+06     6.17987e+08     6.30803e+08
15      46      6.24086e+08     4.47212e+06     6.1121e+08      6.28572e+08
16      47      6.20382e+08     5.35197e+06     6.0565e+08      6.26565e+08
17      45      6.16452e+08     4.32839e+06     6.0565e+08      6.228e+08  
18      44      6.13629e+08     4.27517e+06     6.00897e+08     6.19004e+08
19      46      6.10717e+08     3.36758e+06     6.00897e+08     6.14734e+08
Image famous-girl.jpg processed with exit code 0
Image entropy: 1.7993948253056193
Vertex count: 55
gen     nevals  avg             std             min             max        
0       50      8.99989e+08     2.82987e+08     4.90679e+08     1.75997e+09
1       45      6.64279e+08     1.12863e+08     4.8419e+08      8.23486e+08
2       47      5.94994e+08     8.29017e+07     4.05448e+08     7.30481e+08
3       46      5.36776e+08     5.37502e+07     4.05448e+08     6.20666e+08
4       38      4.93998e+08     4.48756e+07     4.05448e+08     5.43048e+08
5       46      4.68242e+08     4.12804e+07     3.64186e+08     5.21477e+08
6       43      4.44173e+08     3.44597e+07     3.64186e+08     4.90679e+08
7       44      4.17307e+08     2.45312e+07     3.5097e+08      4.46648e+08
8       47      4.03141e+08     2.62703e+07     3.04183e+08     4.30494e+08
9       46      3.84162e+08     2.6595e+07      3.04183e+08     4.11049e+08
10      45      3.59267e+08     2.46409e+07     2.85812e+08     3.93862e+08
11      45      3.43367e+08     2.56963e+07     2.83505e+08     3.71311e+08
12      43      3.19908e+08     2.07178e+07     2.76099e+08     3.48409e+08
13      43      3.05727e+08     1.54273e+07     2.71686e+08     3.29992e+08
14      43      2.94624e+08     1.09763e+07     2.71686e+08     3.11811e+08
15      45      2.87481e+08     6.49798e+06     2.71686e+08     2.98232e+08
16      46      2.83652e+08     3.50498e+06     2.71686e+08     2.85812e+08
Image feliz.jpg processed with exit code 0
Image entropy: 8.852518720219436
Vertex count: 7395
gen     nevals  avg             std             min             max        
0       50      9.43216e+07     3.14131e+06     8.87983e+07     1.03123e+08
1       49      9.14308e+07     2.68685e+06     8.21634e+07     9.42197e+07
2       44      8.89841e+07     2.76618e+06     8.18931e+07     9.22413e+07
3       44      8.63119e+07     2.65966e+06     7.9917e+07      8.97743e+07
4       47      8.38117e+07     2.47071e+06     7.7002e+07      8.71201e+07
5       45      8.15577e+07     1.886e+06       7.48103e+07     8.41795e+07
6       45      7.94682e+07     1.81507e+06     7.45628e+07     8.1391e+07 
7       47      7.79561e+07     1.82912e+06     7.18877e+07     7.98657e+07
8       44      7.66751e+07     1.55847e+06     7.18877e+07     7.8671e+07 
9       47      7.53954e+07     1.30537e+06     7.18877e+07     7.72395e+07
10      42      7.40752e+07     1.18999e+06     7.05251e+07     7.53229e+07
11      48      7.29871e+07     1.13934e+06     7.03491e+07     7.44434e+07
12      49      7.20635e+07     937715          7.01656e+07     7.34326e+07
13      45      7.11857e+07     890697          6.87801e+07     7.24063e+07
14      44      7.03939e+07     580869          6.87801e+07     7.12164e+07
15      39      6.99213e+07     537891          6.80621e+07     7.05251e+07
16      47      6.94112e+07     684008          6.72377e+07     7.01427e+07
17      46      6.87782e+07     672845          6.63008e+07     6.94952e+07
18      47      6.82215e+07     592563          6.63008e+07     6.89165e+07
19      41      6.75824e+07     598952          6.60142e+07     6.84479e+07
Image fox.jpg processed with exit code 0
Image entropy: 8.326263301771597
Vertex count: 5135
gen     nevals  avg             std             min             max        
0       50      1.15928e+09     3.58922e+07     1.09354e+09     1.30198e+09
1       48      1.13474e+09     1.81324e+07     1.08424e+09     1.15698e+09
2       48      1.12473e+09     1.46782e+07     1.08424e+09     1.14273e+09
3       42      1.11312e+09     1.13575e+07     1.08424e+09     1.1298e+09 
4       44      1.1024e+09      1.21746e+07     1.06084e+09     1.11781e+09
5       46      1.09457e+09     1.17849e+07     1.06084e+09     1.10742e+09
6       45      1.08746e+09     1.06018e+07     1.06084e+09     1.09903e+09
7       43      1.07918e+09     9.45849e+06     1.0543e+09      1.09313e+09
8       46      1.07251e+09     6.64011e+06     1.0543e+09      1.08322e+09
9       44      1.06697e+09     6.23106e+06     1.05341e+09     1.07489e+09
10      43      1.06126e+09     5.38739e+06     1.0501e+09      1.06914e+09
11      47      1.0572e+09      4.00673e+06     1.04452e+09     1.06084e+09
12      46      1.05549e+09     3.75086e+06     1.04452e+09     1.06e+09   
13      44      1.05342e+09     2.73893e+06     1.04452e+09     1.05807e+09
14      40      1.05133e+09     4.64648e+06     1.02723e+09     1.05435e+09
15      47      1.04964e+09     5.52826e+06     1.02723e+09     1.05341e+09
16      46      1.0474e+09      6.40758e+06     1.02723e+09     1.05236e+09
17      48      1.04504e+09     6.12389e+06     1.02723e+09     1.05097e+09
Image fox2.jpg processed with exit code 0
Image entropy: 9.116543475840341
Vertex count: 8881
gen     nevals  avg             std             min             max        
0       50      3.99687e+08     7.49288e+06     3.80639e+08     4.14427e+08
1       46      3.9306e+08      4.6253e+06      3.80639e+08     3.99499e+08
2       45      3.89154e+08     3.63021e+06     3.80639e+08     3.94353e+08
3       44      3.86363e+08     3.0803e+06      3.75583e+08     3.90415e+08
4       45      3.84161e+08     2.59049e+06     3.75583e+08     3.8728e+08 
5       47      3.82027e+08     2.2857e+06      3.75524e+08     3.84766e+08
6       42      3.80135e+08     2.31837e+06     3.72985e+08     3.8267e+08 
7       46      3.78912e+08     1.94407e+06     3.72985e+08     3.81113e+08
8       48      3.77869e+08     2.01726e+06     3.71766e+08     3.80051e+08
9       44      3.76545e+08     1.88942e+06     3.71766e+08     3.791e+08  
10      42      3.74928e+08     1.45214e+06     3.71766e+08     3.76661e+08
11      44      3.73641e+08     1.50915e+06     3.68296e+08     3.75524e+08
12      45      3.72758e+08     1.32714e+06     3.68296e+08     3.74384e+08
13      45      3.71965e+08     1.61792e+06     3.65292e+08     3.7328e+08 
14      48      3.71019e+08     1.93358e+06     3.64957e+08     3.72931e+08
15      45      3.70214e+08     1.8985e+06      3.64957e+08     3.7193e+08 
16      42      3.69512e+08     1.78944e+06     3.64957e+08     3.71766e+08
17      46      3.68528e+08     1.13968e+06     3.64957e+08     3.7026e+08 
Image foxx.jpeg processed with exit code 0
Image entropy: 8.539463097029149
Vertex count: 5953
gen     nevals  avg             std             min             max        
0       50      2.46021e+08     8.03734e+06     2.30434e+08     2.70599e+08
1       49      2.39354e+08     4.71319e+06     2.25852e+08     2.45153e+08
2       41      2.31637e+08     6.64995e+06     2.14606e+08     2.38644e+08
3       48      2.25488e+08     6.60272e+06     2.10223e+08     2.33248e+08
4       46      2.18226e+08     6.79867e+06     1.99535e+08     2.27694e+08
5       47      2.11007e+08     5.50006e+06     1.93721e+08     2.17767e+08
6       45      2.04818e+08     4.54243e+06     1.93721e+08     2.11105e+08
7       48      2.00237e+08     3.73387e+06     1.89255e+08     2.05159e+08
8       41      1.96578e+08     2.88627e+06     1.89255e+08     2.00478e+08
9       42      1.94067e+08     2.24475e+06     1.89243e+08     1.96991e+08
10      47      1.9158e+08      1.9572e+06      1.8663e+08      1.93903e+08
11      48      1.89664e+08     2.2799e+06      1.82301e+08     1.92242e+08
12      44      1.86341e+08     3.18636e+06     1.7715e+08      1.8964e+08 
13      44      1.83841e+08     2.83639e+06     1.76206e+08     1.86985e+08
14      45      1.81599e+08     2.489e+06       1.76206e+08     1.84898e+08
15      43      1.79865e+08     1.72226e+06     1.76206e+08     1.82625e+08
16      42      1.78101e+08     1.11248e+06     1.74957e+08     1.79805e+08
17      48      1.77008e+08     1.15674e+06     1.72993e+08     1.78159e+08
18      42      1.76219e+08     1.37525e+06     1.71293e+08     1.77489e+08
19      40      1.75363e+08     1.22442e+06     1.71293e+08     1.76899e+08
Image girl.jpg processed with exit code 0
Image entropy: 7.774679878238755
Vertex count: 3503
gen     nevals  avg             std             min             max      
0       50      3.36823e+08     1.43239e+07     3.08008e+08     3.722e+08
1       43      3.24323e+08     7.86667e+06     3.08008e+08     3.36649e+08
2       43      3.15986e+08     6.04916e+06     2.91439e+08     3.23901e+08
3       44      3.10094e+08     4.88959e+06     2.91439e+08     3.16025e+08
4       49      3.05092e+08     5.0514e+06      2.91439e+08     3.10966e+08
5       47      3.0113e+08      4.99855e+06     2.91439e+08     3.07079e+08
Image girl_def.jpg processed with exit code 0
Image entropy: 8.16726647487918
Vertex count: 4599
gen     nevals  avg             std             min             max        
0       50      2.35399e+08     5.55107e+06     2.21535e+08     2.51271e+08
1       44      2.31075e+08     3.44236e+06     2.21535e+08     2.35314e+08
2       45      2.28765e+08     2.6855e+06      2.21535e+08     2.31773e+08
3       48      2.26958e+08     2.10172e+06     2.20788e+08     2.2941e+08 
4       47      2.2547e+08      1.74547e+06     2.20788e+08     2.27871e+08
5       45      2.24514e+08     1.49603e+06     2.20454e+08     2.26347e+08
6       43      2.23167e+08     1.46063e+06     2.18916e+08     2.25051e+08
7       47      2.22201e+08     1.16639e+06     2.18916e+08     2.2396e+08 
8       44      2.21302e+08     1.17151e+06     2.16359e+08     2.22463e+08
9       47      2.20549e+08     1.21546e+06     2.16359e+08     2.22068e+08
10      46      2.19194e+08     1.32557e+06     2.15953e+08     2.20674e+08
11      45      2.1848e+08      1.27456e+06     2.14741e+08     2.20106e+08
12      45      2.17653e+08     1.10536e+06     2.14741e+08     2.18896e+08
13      46      2.16908e+08     1.02552e+06     2.13954e+08     2.18338e+08
14      48      2.16228e+08     751543          2.13954e+08     2.17364e+08
15      43      2.15678e+08     651088          2.13954e+08     2.16532e+08
16      46      2.15055e+08     746169          2.12599e+08     2.15946e+08
17      42      2.14649e+08     680384          2.12599e+08     2.15381e+08
18      45      2.14224e+08     572343          2.12599e+08     2.14846e+08
19      46      2.14042e+08     561521          2.12599e+08     2.14581e+08
Image istockphoto-1322775684-612x612.jpg processed with exit code 0
Image entropy: 8.911246562594677
Vertex count: 7703
gen     nevals  avg             std             min             max        
0       50      1.35899e+09     2.6934e+07      1.30069e+09     1.41504e+09
1       45      1.34145e+09     1.73965e+07     1.30069e+09     1.36621e+09
2       46      1.32987e+09     1.22111e+07     1.30069e+09     1.34749e+09
3       45      1.31835e+09     8.90649e+06     1.30069e+09     1.33157e+09
Image landscape.jpg processed with exit code 0
Image entropy: 9.108707774111222
Vertex count: 8833
gen     nevals  avg             std             min             max        
0       50      1.70316e+09     5.4098e+07      1.52501e+09     1.85498e+09
1       45      1.66933e+09     3.0286e+07      1.52501e+09     1.7075e+09 
2       42      1.65606e+09     2.67058e+07     1.52501e+09     1.68054e+09
3       44      1.6379e+09      2.19104e+07     1.52501e+09     1.66015e+09
Image lograble.png processed with exit code 0
Image entropy: 8.710720656174596
Vertex count: 6703
gen     nevals  avg             std             min             max        
0       50      4.78664e+08     1.60896e+07     4.50076e+08     5.31808e+08
1       47      4.64949e+08     9.55986e+06     4.27751e+08     4.78668e+08
2       45      4.56007e+08     9.3113e+06      4.27751e+08     4.65529e+08
3       48      4.48925e+08     9.64527e+06     4.2236e+08      4.60466e+08
4       44      4.36849e+08     8.93233e+06     4.09955e+08     4.47734e+08
5       46      4.27269e+08     8.49077e+06     4.01991e+08     4.37189e+08
6       42      4.21191e+08     6.83793e+06     4.01991e+08     4.2856e+08 
7       46      4.13526e+08     6.78272e+06     3.94456e+08     4.2188e+08 
8       41      4.08961e+08     5.66584e+06     3.94456e+08     4.15557e+08
9       49      4.0365e+08      4.70405e+06     3.91691e+08     4.10314e+08
10      46      4.0029e+08      3.53098e+06     3.91691e+08     4.04831e+08
11      44      3.9753e+08      2.73975e+06     3.90656e+08     4.01494e+08
12      47      3.96069e+08     2.03504e+06     3.90656e+08     3.99021e+08
13      46      3.93823e+08     2.1643e+06      3.85542e+08     3.9659e+08 
14      43      3.92306e+08     1.84026e+06     3.8554e+08      3.94366e+08
15      47      3.91376e+08     1.7472e+06      3.8554e+08      3.93389e+08
16      45      3.90274e+08     1.93653e+06     3.85007e+08     3.92153e+08
17      46      3.88222e+08     2.0633e+06      3.82087e+08     3.90656e+08
18      41      3.86153e+08     2.37789e+06     3.79368e+08     3.89293e+08
19      43      3.84172e+08     2.33583e+06     3.75783e+08     3.87224e+08
Image macaw.jpg processed with exit code 0
Image entropy: 8.748898582742653
Vertex count: 6883
gen     nevals  avg             std             min             max        
0       50      4.74904e+08     7.91242e+06     4.60287e+08     4.88503e+08
1       40      4.68518e+08     4.18427e+06     4.60287e+08     4.74174e+08
2       45      4.65389e+08     3.25579e+06     4.56916e+08     4.70267e+08
3       45      4.62207e+08     2.29729e+06     4.55846e+08     4.65585e+08
4       49      4.59524e+08     2.60776e+06     4.50561e+08     4.62434e+08
5       45      4.57025e+08     2.98142e+06     4.48474e+08     4.60287e+08
6       46      4.54231e+08     2.52985e+06     4.46974e+08     4.57102e+08
7       46      4.51976e+08     2.44916e+06     4.42507e+08     4.54895e+08
8       46      4.50129e+08     2.33659e+06     4.42507e+08     4.5238e+08 
9       48      4.4825e+08      2.3421e+06      4.40297e+08     4.51145e+08
10      48      4.46609e+08     2.0751e+06      4.40297e+08     4.49107e+08
11      43      4.44815e+08     2.22415e+06     4.37274e+08     4.47339e+08
12      45      4.42973e+08     1.69899e+06     4.37274e+08     4.45785e+08
13      47      4.41053e+08     1.98408e+06     4.33983e+08     4.43195e+08
14      45      4.39774e+08     1.78736e+06     4.33983e+08     4.41817e+08
15      44      4.38487e+08     1.52527e+06     4.33983e+08     4.40568e+08
16      46      4.3705e+08      1.57847e+06     4.30548e+08     4.38797e+08
17      44      4.36071e+08     1.64088e+06     4.30548e+08     4.37685e+08
18      48      4.35269e+08     1.51596e+06     4.30548e+08     4.37026e+08
19      45      4.33987e+08     1.35268e+06     4.30548e+08     4.35719e+08
Image monalisa.jpg processed with exit code 0
Image entropy: 8.617525523649475
Vertex count: 6284
gen     nevals  avg             std             min             max        
0       50      4.1152e+08      5.25601e+06     3.99467e+08     4.21674e+08
1       45      4.06801e+08     3.73976e+06     3.96426e+08     4.11811e+08
2       46      4.0351e+08      2.91396e+06     3.94487e+08     4.07462e+08
3       47      4.00989e+08     2.2107e+06      3.94487e+08     4.04112e+08
4       45      3.98593e+08     2.6444e+06      3.89072e+08     4.01252e+08
5       42      3.96777e+08     2.86497e+06     3.87005e+08     3.99638e+08
6       42      3.94748e+08     2.70039e+06     3.87005e+08     3.97816e+08
7       44      3.93331e+08     2.48995e+06     3.86564e+08     3.96054e+08
8       46      3.91929e+08     2.11335e+06     3.86564e+08     3.94551e+08
9       45      3.90376e+08     2.1232e+06      3.83629e+08     3.92728e+08
10      46      3.88968e+08     2.10915e+06     3.83629e+08     3.91284e+08
11      45      3.87794e+08     1.99304e+06     3.82854e+08     3.9015e+08 
12      43      3.86445e+08     1.76778e+06     3.82014e+08     3.8859e+08 
13      46      3.84987e+08     1.87186e+06     3.78772e+08     3.87209e+08
14      41      3.84016e+08     1.42203e+06     3.78772e+08     3.85887e+08
15      41      3.83075e+08     1.65991e+06     3.78379e+08     3.84636e+08
16      46      3.82079e+08     1.42652e+06     3.78379e+08     3.83992e+08
17      40      3.81192e+08     1.13094e+06     3.78379e+08     3.82388e+08
18      45      3.80596e+08     1.06622e+06     3.78379e+08     3.81953e+08
Image p.jpeg processed with exit code 0
Image entropy: 8.84737507515286
Vertex count: 7369
gen     nevals  avg             std             min             max        
0       50      1.94897e+08     3.44556e+06     1.87388e+08     2.00847e+08
1       47      1.92127e+08     2.04315e+06     1.87388e+08     1.95146e+08
2       38      1.90464e+08     1.59571e+06     1.87388e+08     1.92474e+08
3       47      1.88884e+08     1.34353e+06     1.85661e+08     1.90569e+08
4       47      1.87818e+08     1.16403e+06     1.85661e+08     1.89544e+08
5       43      1.86866e+08     1.1274e+06      1.82507e+08     1.8812e+08 
6       45      1.85887e+08     1.14678e+06     1.82507e+08     1.87233e+08
7       46      1.85282e+08     1.08964e+06     1.82507e+08     1.8647e+08 
8       44      1.84423e+08     964131          1.82507e+08     1.85736e+08
Image p3.jpeg processed with exit code 0
Image entropy: 5.727815499422583
Vertex count: 847
gen     nevals  avg             std             min             max        
0       50      2.77508e+09     1.16736e+08     2.54287e+09     3.08879e+09
1       45      2.67529e+09     6.62484e+07     2.43744e+09     2.77697e+09
2       46      2.62387e+09     4.87726e+07     2.43744e+09     2.67556e+09
3       50      2.58787e+09     4.58641e+07     2.43744e+09     2.64621e+09
4       44      2.55986e+09     3.19913e+07     2.43744e+09     2.60808e+09
Image paj.jpeg processed with exit code 0
Image entropy: 8.943519027411696
Vertex count: 7877
gen     nevals  avg             std             min             max        
0       50      3.23806e+08     8.73229e+06     3.06719e+08     3.47396e+08
1       47      3.17807e+08     4.43121e+06     3.06719e+08     3.23368e+08
2       47      3.13531e+08     3.96202e+06     3.00014e+08     3.18921e+08
3       44      3.10983e+08     2.93001e+06     3.00014e+08     3.14539e+08
4       47      3.09286e+08     2.731e+06       3.00014e+08     3.1202e+08 
5       46      3.08217e+08     2.6529e+06      3.00014e+08     3.10603e+08
Image paj2.jpeg processed with exit code 0
Image entropy: 4.267503858929784
Vertex count: 308
gen     nevals  avg             std             min             max        
0       50      9.31648e+09     4.97704e+08     8.46505e+09     1.03561e+10
1       42      8.93133e+09     2.41059e+08     8.38057e+09     9.29943e+09
2       41      8.73143e+09     2.21236e+08     8.05118e+09     8.99556e+09
3       47      8.51605e+09     2.00247e+08     7.96719e+09     8.77917e+09
4       48      8.41322e+09     1.58011e+08     7.96719e+09     8.61402e+09
5       44      8.28042e+09     1.32752e+08     7.94311e+09     8.45526e+09
6       45      8.1837e+09      1.10917e+08     7.83689e+09     8.356e+09  
7       48      8.09048e+09     9.57672e+07     7.83689e+09     8.19986e+09
8       44      8.01039e+09     1.0046e+08      7.65872e+09     8.15374e+09
9       45      7.93326e+09     9.00481e+07     7.65872e+09     8.05118e+09
10      48      7.89836e+09     8.22675e+07     7.65872e+09     7.99107e+09
11      45      7.86013e+09     7.51009e+07     7.65872e+09     7.94294e+09
Image pat.png processed with exit code 0
Image entropy: 5.429533053064585
Vertex count: 689
gen     nevals  avg             std             min             max        
0       50      3.72676e+09     2.57972e+08     3.20641e+09     4.25519e+09
1       46      3.4981e+09      1.48768e+08     3.19346e+09     3.73996e+09
2       42      3.3922e+09      1.06817e+08     3.10246e+09     3.53031e+09
3       44      3.31309e+09     8.00401e+07     3.10246e+09     3.43312e+09
4       41      3.24103e+09     8.24136e+07     2.93089e+09     3.34007e+09
5       43      3.19353e+09     7.82025e+07     2.93089e+09     3.25111e+09
6       44      3.13272e+09     8.56272e+07     2.93089e+09     3.23533e+09
7       45      3.05494e+09     8.49034e+07     2.76022e+09     3.16888e+09
8       45      3.00129e+09     6.63856e+07     2.76022e+09     3.10246e+09
9       43      2.95497e+09     5.23039e+07     2.76022e+09     3.00998e+09
10      45      2.92067e+09     4.4341e+07      2.76022e+09     2.98015e+09
Image pok.png processed with exit code 0
Image entropy: 8.571975285750996
Vertex count: 6088
gen     nevals  avg             std             min             max        
0       50      4.47695e+08     1.91498e+07     4.09482e+08     4.94793e+08
1       45      4.34275e+08     1.07863e+07     4.09482e+08     4.49051e+08
2       46      4.26521e+08     8.18709e+06     4.04028e+08     4.38669e+08
3       43      4.20923e+08     6.23527e+06     4.02708e+08     4.28995e+08
4       45      4.16594e+08     6.14995e+06     4.02655e+08     4.22945e+08
5       47      4.12216e+08     6.80211e+06     3.88716e+08     4.19773e+08
6       48      4.08533e+08     5.72148e+06     3.88716e+08     4.15451e+08
7       49      4.03587e+08     5.03302e+06     3.88716e+08     4.09482e+08
8       47      4.01118e+08     4.05725e+06     3.88716e+08     4.05479e+08
Image scarlet.jpg processed with exit code 0
Image entropy: 8.936372504361895
Vertex count: 7838
gen     nevals  avg             std             min             max        
0       50      9.19204e+08     1.62318e+07     8.81882e+08     9.55245e+08
1       46      9.0691e+08      8.90792e+06     8.81882e+08     9.20885e+08
2       45      9.00076e+08     6.42522e+06     8.81882e+08     9.08961e+08
3       43      8.95169e+08     4.61829e+06     8.81882e+08     9.01226e+08
Image tag.webp processed with exit code 0
Image entropy: 4.678286893110502
Vertex count: 409
gen     nevals  avg             std             min             max        
0       50      2.00463e+08     2.48172e+07     1.40656e+08     2.53085e+08
1       47      1.83259e+08     1.60803e+07     1.40656e+08     2.06332e+08
2       47      1.7094e+08      1.205e+07       1.40656e+08     1.86398e+08
3       47      1.60609e+08     9.05758e+06     1.37153e+08     1.73912e+08
4       48      1.53233e+08     7.51322e+06     1.37153e+08     1.63092e+08
5       47      1.47089e+08     5.90604e+06     1.3234e+08      1.56087e+08
6       44      1.42036e+08     4.93382e+06     1.24392e+08     1.48121e+08
7       47      1.39012e+08     4.6574e+06      1.24392e+08     1.44476e+08
8       47      1.34475e+08     5.8805e+06      1.19967e+08     1.40623e+08
9       46      1.31816e+08     5.00678e+06     1.19967e+08     1.37856e+08
10      47      1.27101e+08     4.79739e+06     1.17488e+08     1.33492e+08
11      47      1.23886e+08     3.15833e+06     1.17488e+08     1.29536e+08
12      41      1.21484e+08     2.73131e+06     1.13207e+08     1.24392e+08
13      47      1.19303e+08     2.55846e+06     1.13207e+08     1.22853e+08
14      46      1.17297e+08     2.12173e+06     1.1217e+08      1.20022e+08
15      46      1.16048e+08     1.91119e+06     1.10456e+08     1.18535e+08
16      46      1.14424e+08     1.71027e+06     1.099e+08       1.16661e+08
17      43      1.12746e+08     2.08578e+06     1.05815e+08     1.15143e+08
18      47      1.11547e+08     1.87587e+06     1.05815e+08     1.13207e+08
19      42      1.10221e+08     1.89033e+06     1.04242e+08     1.12392e+08
Image teselado_tri.jpeg processed with exit code 0
Image entropy: 8.90556702075628
Vertex count: 7672
gen     nevals  avg             std             min             max
0       50      3.61369e+09     4.41315e+07     3.51133e+09     3.69424e+09
1       44      3.58727e+09     2.95702e+07     3.51133e+09     3.61878e+09
2       44      3.55975e+09     2.29131e+07     3.49555e+09     3.58847e+09
3       44      3.54167e+09     2.02027e+07     3.47842e+09     3.56818e+09
4       47      3.52831e+09     1.98329e+07     3.47842e+09     3.54883e+09
5       45      3.51662e+09     1.66755e+07     3.47842e+09     3.53836e+09
6       47      3.50422e+09     1.36534e+07     3.47291e+09     3.52246e+09
7       48      3.49506e+09     1.08633e+07     3.47291e+09     3.50924e+09
8       46      3.48271e+09     1.09878e+07     3.4457e+09      3.49588e+09
9       46      3.47608e+09     9.79446e+06     3.44269e+09     3.48915e+09
10      47      3.47057e+09     8.91108e+06     3.44269e+09     3.47842e+09
11      47      3.4643e+09      9.60958e+06     3.44084e+09     3.47543e+09
12      43      3.45823e+09     9.4105e+06      3.41963e+09     3.46845e+09
13      45      3.45159e+09     9.71536e+06     3.40774e+09     3.46151e+09
14      43      3.44532e+09     1.00823e+07     3.40774e+09     3.45507e+09
15      45      3.43806e+09     1.02421e+07     3.40774e+09     3.44803e+09
16      45      3.43117e+09     1.04478e+07     3.40774e+09     3.44269e+09
Image tiger.jpg processed with exit code 0
Image entropy: 2.7591722443973867
Vertex count: 108
gen     nevals  avg             std             min             max        
0       50      1.42156e+08     8.77005e+07     3.3319e+07      4.56307e+08
1       42      8.09131e+07     2.33344e+07     3.3319e+07      1.19347e+08
2       44      6.57823e+07     1.40263e+07     3.3319e+07      8.45351e+07
3       47      5.35477e+07     1.06118e+07     3.3319e+07      6.84523e+07
Image tria.png processed with exit code 0
Image entropy: 9.320599242683171
Vertex count: 10230
gen     nevals  avg             std             min             max        
0       50      7.80658e+08     1.80236e+07     7.39815e+08     8.13873e+08
1       46      7.66412e+08     1.18252e+07     7.39815e+08     7.83384e+08
2       39      7.57481e+08     7.718e+06       7.39815e+08     7.68695e+08
3       45      7.52106e+08     6.22289e+06     7.36811e+08     7.61479e+08
4       46      7.48114e+08     5.7686e+06      7.32398e+08     7.54603e+08
5       45      7.44271e+08     4.86501e+06     7.31863e+08     7.50261e+08
6       46      7.4104e+08      4.11054e+06     7.28589e+08     7.46528e+08
7       42      7.37885e+08     4.15118e+06     7.26926e+08     7.42549e+08
8       42      7.35356e+08     3.86826e+06     7.25874e+08     7.40213e+08
9       46      7.32745e+08     3.30361e+06     7.21264e+08     7.36882e+08
10      45      7.29627e+08     3.24247e+06     7.19961e+08     7.33052e+08
11      43      7.26519e+08     4.04713e+06     7.12363e+08     7.31561e+08
12      46      7.23918e+08     3.94512e+06     7.10971e+08     7.27906e+08
13      47      7.21409e+08     3.39129e+06     7.10971e+08     7.25468e+08
14      46      7.19055e+08     3.3286e+06      7.10971e+08     7.22314e+08
15      48      7.17084e+08     3.27341e+06     7.10855e+08     7.2117e+08 
16      45      7.14151e+08     2.91585e+06     7.04104e+08     7.17963e+08
17      48      7.12102e+08     2.61157e+06     7.0406e+08      7.15289e+08
18      44      7.10519e+08     3.11116e+06     6.97239e+08     7.13413e+08
19      49      7.08564e+08     2.98724e+06     6.97239e+08     7.11245e+08
Image ultima_cena.jpg processed with exit code 0
Image entropy: 1.584962500721156
Vertex count: 48
gen     nevals  avg     std     min     max
0       50      0       0       0       0
1       43      0       0       0       0  
2       42      0       0       0       0  
3       48      0       0       0       0  
Image verde.png processed with exit code 0
Image entropy: 8.72919795646841
Vertex count: 6790
gen     nevals  avg             std             min             max        
0       50      7.34069e+07     3.65992e+06     6.65843e+07     8.20179e+07
1       47      7.05281e+07     1.40268e+06     6.65843e+07     7.24596e+07
2       47      6.93214e+07     1.04712e+06     6.65843e+07     7.06783e+07
3       43      6.87046e+07     873222          6.65843e+07     6.97598e+07
Image wom.png processed with exit code 0
Image entropy: 9.165945972864623
Vertex count: 9190
gen     nevals  avg             std             min             max       
0       50      1.74467e+09     5.61945e+07     1.61428e+09     1.8272e+09
1       46      1.69946e+09     3.54042e+07     1.61428e+09     1.74604e+09
2       48      1.66466e+09     2.13577e+07     1.60331e+09     1.69382e+09
3       46      1.64493e+09     2.24974e+07     1.55744e+09     1.66953e+09
4       47      1.62194e+09     1.97254e+07     1.55744e+09     1.64794e+09
5       49      1.60181e+09     1.55798e+07     1.55744e+09     1.61888e+09
6       44      1.59246e+09     1.42546e+07     1.55374e+09     1.60825e+09
7       46      1.58377e+09     1.23296e+07     1.55374e+09     1.59863e+09
8       42      1.5694e+09      1.15428e+07     1.53927e+09     1.58608e+09
9       43      1.55913e+09     1.03132e+07     1.52517e+09     1.57261e+09
10      43      1.55069e+09     1.01483e+07     1.50733e+09     1.56032e+09
11      42      1.54199e+09     1.34483e+07     1.5006e+09      1.55374e+09
12      47      1.53228e+09     1.20897e+07     1.5006e+09      1.54769e+09
13      40      1.52569e+09     9.45428e+06     1.5006e+09      1.53707e+09
14      43      1.51756e+09     8.2658e+06      1.5006e+09      1.52867e+09
Image womhd.jpg processed with exit code 0